1 -0.0102089 -0.00306268
2 -0.0294768 -0.00884305
3 -0.0351152 -0.0105346
4 -0.0283994 -0.00851982
5 -0.0280506 -0.00841517
6 -0.0280506 -0.00844322
7 -0.0280506 -0.00844322
8 -0.0280506 -0.00844322
9 -0.0280506 -0.00844322
10 -0.0280506 -0.00844322
11 -0.0278854 -0.00841989
12 -0.0222446 -0.00669517
13 -0.0259986 -0.00787778
14 -0.0245676 -0.00745871
15 -0.0135321 -0.00416239
16 -0.0239102 -0.00727582
17 0.0524421 0.0164458
18 0.120587 0.0361257
19 0.178528 0.0542662
20 0.172811 0.0519716
21 0.12973 0.0390471
22 0.070759 0.020837
23 0.121836 0.0367497
24 0.116071 0.0350202
25 0.0703211 0.0209081
26 0.00883736 0.00292051
27 -0.0552377 -0.016998
28 -0.113429 -0.0338147
29 -0.153312 -0.0457796
30 -0.180282 -0.0543206
31 -0.192778 -0.0577995
32 -0.193203 -0.0581245
33 -0.18603 -0.0559683
34 -0.174022 -0.052366
35 -0.159747 -0.0481006
36 -0.145444 -0.0439523
37 -0.136391 -0.0412363
38 -0.203629 -0.062284
39 -0.314708 -0.0949352
40 -0.345412 -0.104799
41 -0.321559 -0.0973361
42 -0.270264 -0.0819474
43 -0.202541 -0.0611557
44 -0.257098 -0.0782002
45 -0.254037 -0.0772818
46 -0.214638 -0.0652829
47 -0.152265 -0.046965
48 -0.0918669 -0.0283333
49 -0.0333827 -0.0113921
50 0.0200365 0.00518794
51 0.0595146 0.0164972
52 0.0879041 0.0253858
53 0.108137 0.0311717
54 0.118888 0.0343972
55 0.0873599 0.0247107
56 0.0871776 0.0249713
57 0.086993 0.024916
58 0.0868351 0.0248686
59 0.0868933 0.024886
60 0.0872117 0.025072
61 0.0872161 0.0250701
62 0.0872464 0.0250792
63 0.0872771 0.0250884
64 0.0873025 0.025096
65 0.0872848 0.0250907
66 0.084509 0.0244131
67 0.0605643 0.0172436
68 0.0536428 0.0151671
69 0.0324536 0.00863092
70 0.0216391 0.00559845
71 0.0178199 0.00445269
72 0.0193254 0.00493874
73 0.0257492 0.00685082
74 0.0331753 0.00918609
75 0.0409893 0.011456
76 0.0484934 0.0137072
77 0.0553587 0.0158909
78 0.0560272 0.0160227
79 -0.018874 -0.0072155
80 -0.0553689 -0.017415
81 -0.0581687 -0.0182549
82 -0.0402858 -0.0127515
83 -0.0102765 -0.00392754
84 0.0233375 0.00651616
85 0.138812 0.0408223
86 0.204005 0.0603802
87 0.22834 0.0681524
88 0.221878 0.0659706
89 0.199284 0.0591922
90 0.167361 0.0494636
91 0.133033 0.0394844
92 0.104917 0.0308734
93 0.0841013 0.0249098
