1 -1.09582e-07 2.26878e-08 0
2 -8.10939e-08 1.69903e-08 0
3 -7.1621e-08 1.50957e-08 0
4 -2.93164e-08 6.63477e-09 0
5 -5.59899e-08 1.19695e-08 0
6 -3.20598e-08 6.7369e-09 0
7 -2.30532e-07 4.69099e-08 0
8 -4.06835e-08 8.94024e-09 0
9 -1.46462e-08 3.73279e-09 0
10 -1.35757e-07 2.7955e-08 0
11 0.112384 0 0.0248369
12 2.33273 0 0.513398
13 3 0 0.602445
14 3 0 0.605445
15 2.22475 0 0.450395
16 1.46805 0 0.299056
17 1.10798 0 0.220947
18 1.00103 0 0.206758
19 1.00283 0 0.208158
20 1.0173 0 0.211015
21 1.0486 0 0.217276
22 1.03132 0 0.214506
23 1.02518 0 0.213624
24 1.02495 0 0.213576
25 1.02476 0 0.214561
26 1.02428 0 0.214469
27 1.0237 0 0.215364
28 1.02485 0 0.215606
29 1.02153 0 0.214942
30 1.0192 0 0.215448
31 1.02272 0 0.216199
32 1.0391 0 0.220841
33 1.01769 0 0.216233
34 1.00809 0 0.214312
35 1.00943 0 0.215616
36 1.01636 0 0.216975
37 1.00936 0 0.215575
38 1.0109 0 0.216925
39 1.00684 0 0.216081
40 1.01733 0 0.219408
41 1.0131 0 0.218351
42 1.01132 0 0.217995
43 1.00562 0 0.217748
44 1.01755 0 0.220248
45 1.00356 0 0.21745
46 1.01115 0 0.220131
47 1.01473 0 0.220695
48 0.932542 0 0.203546
49 0.0275023 0 0.0241814
50 -0.632834 0.121725 0
51 0.994409 0 0.21693
52 0.92069 0 0.201633
53 0.783934 0 0.175756
54 0.747653 0 0.1685
55 0.755257 0 0.170928
56 0.733035 0 0.166331
57 0.670801 0 0.153884
58 0.653622 0 0.150449
59 -0.405598 0.0613956 0
60 -0.00790452 0 0.0260892
61 -0.00262708 0 0.0191908
62 -0.0439628 0 0.0109236
63 -0.00370265 0 0.0189757
64 -0.00178736 0 0.0193587
65 0.0798418 0 0.0356846
66 2.29898 0 0.5063
67 2.82378 0 0.589071
68 1.9031 0 0.404933
69 1.24675 0 0.261785
70 0.992735 0 0.224108
71 0.935948 0 0.21275
72 0.937294 0 0.213984
73 0.951793 0 0.216857
74 0.959338 0 0.219476
75 0.961449 0 0.219747
76 0.97464 0 0.222385
77 0.96113 0 0.220374
78 0.956043 0 0.219627
79 0.954169 0 0.220169
80 0.966093 0 0.222591
81 0.953388 0 0.22005
82 1.16762 0 0.268349
83 1.12125 0 0.254791
84 1.00277 0 0.229728
85 0.947946 0 0.221133
86 1.06908 0 0.24536
87 1.05134 0 0.242508
88 0.98397 0 0.229389
89 0.958694 0 0.224333
90 0.939853 0 0.221128
91 0.934984 0 0.220531
92 0.934838 0 0.221434
93 1.38184 0 0.310837
